0	0	1
   0.97557  0.0104147   0.219443  -0.245818
-0.0131812   0.999851  0.0111466  -0.153956
 -0.219294 -0.0137668   0.975562   0.663506
         0          0          0          1
1	1	2
  0.977279  0.0160556   0.211346  -0.247812
-0.0178588   0.999819 0.00662578  -0.154586
 -0.211201 -0.0102496   0.977389   0.662792
         0          0          0          1
2	2	3
  0.976619  0.0205428   0.213993  -0.246794
-0.0225372   0.999722 0.00688431  -0.154365
 -0.213792 -0.0115462   0.976811   0.663614
         0          0          0          1
3	3	4
   0.97689  0.0216817    0.21264  -0.247881
-0.0235857   0.999701 0.00642155  -0.155671
 -0.212437 -0.0112884    0.97711   0.663825
         0          0          0          1
4	4	5
   0.97694  0.0230346   0.212267  -0.249649
-0.0251479   0.999657 0.00726143  -0.155694
 -0.212027 -0.0124321   0.977185   0.664397
         0          0          0          1
5	5	6
  0.976857   0.019618    0.21299   -0.24936
-0.0216629   0.999739 0.00727111  -0.156786
 -0.212791 -0.0117168   0.977027    0.66452
         0          0          0          1
6	6	7
  0.977251   0.020023   0.211138  -0.250641
-0.0223233   0.999715  0.0085169  -0.156521
 -0.210907 -0.0130364   0.977419   0.664638
         0          0          0          1
7	7	8
    0.9781  0.0172207   0.207424  -0.251324
-0.0197205   0.999756 0.00998983  -0.157209
 -0.207201 -0.0138615     0.9782   0.664244
         0          0          0          1
8	8	9
  0.978662  0.0219624   0.204299   -0.25236
-0.0243996   0.999658 0.00941769   -0.15642
 -0.204023 -0.0142016   0.978863   0.664148
         0          0          0          1
9	9	10
    0.9784  0.0232415   0.205409  -0.253026
-0.0261105   0.999596  0.0112674   -0.15602
 -0.205064 -0.0163874   0.978611   0.664351
         0          0          0          1
10	10	11
  0.978417  0.0167307   0.205962   -0.25275
-0.0204284   0.999666  0.0158399   -0.15791
 -0.205628 -0.0197055   0.978432    0.66387
         0          0          0          1
11	11	12
  0.978243  0.0215562   0.206341  -0.253114
-0.0259168   0.999494  0.0184531  -0.156836
 -0.205839 -0.0233993   0.978306    0.66387
         0          0          0          1
12	12	13
  0.978792  0.0153197   0.204282   -0.25379
-0.0201316   0.999566  0.0214978  -0.158518
 -0.203864 -0.0251544   0.978676   0.662471
         0          0          0          1
13	13	14
 0.978559 0.0157749  0.205362 -0.255389
-0.0214982  0.999439 0.0256675 -0.156587
-0.204842 -0.029532  0.978349  0.662081
        0         0         0         1
14	14	15
  0.977997  0.0193729   0.207717  -0.256639
-0.0257172    0.99928   0.027886  -0.154709
 -0.207027 -0.0326143   0.977791   0.661698
         0          0          0          1
15	15	16
  0.976861  0.0158842   0.213286  -0.257977
-0.0236667   0.999142  0.0339849  -0.153049
 -0.212564 -0.0382463   0.976398   0.659884
         0          0          0          1
16	16	17
  0.976826  0.0206425   0.213036  -0.260107
-0.0298657   0.998747  0.0401669  -0.149654
  -0.21194 -0.0455986   0.976218   0.658597
         0          0          0          1
17	17	18
  0.976384  0.0168587   0.215385  -0.263421
-0.0285356    0.99828  0.0512201  -0.144668
 -0.214151 -0.0561566   0.975185   0.655777
         0          0          0          1
18	18	19
  0.976747  0.0167768   0.213736  -0.265587
-0.0298445   0.997867  0.0580603  -0.141352
 -0.212306 -0.0630891   0.975165   0.653784
         0          0          0          1
19	19	20
  0.976086  0.0164172   0.216763  -0.271172
-0.0333815   0.996637  0.0748336  -0.136194
 -0.214806 -0.0802799   0.973352   0.650835
         0          0          0          1
20	20	21
  0.975885   0.012928   0.217902  -0.272809
-0.0312475   0.996237  0.0808369  -0.132597
 -0.216037 -0.0856964   0.972617   0.649357
         0          0          0          1
21	21	22
  0.976894   0.012133   0.213378  -0.279544
-0.0317593   0.995544  0.0887933  -0.128689
  -0.21135 -0.0935184   0.972926   0.645515
         0          0          0          1
22	22	23
  0.976452  0.0105395   0.215479  -0.282146
-0.0310039   0.995293  0.0918132  -0.125781
 -0.213498 -0.0963318   0.972183   0.644073
         0          0          0          1
23	23	24
  0.977705 0.00484005   0.209928  -0.288279
  -0.02621   0.994729  0.0991343  -0.119866
 -0.208342  -0.102426   0.972678   0.639732
         0          0          0          1
24	24	25
 0.979459 0.0061679  0.201549 -0.280272
-0.0283453  0.993819  0.107335 -0.113597
-0.199641 -0.110843   0.97358  0.635487
        0         0         0         1
25	25	26
 0.979602 0.0044478  0.200896 -0.283021
-0.0273751  0.993388  0.111492 -0.110512
-0.199072 -0.114717  0.973247  0.633787
        0         0         0         1
26	26	27
   0.979653 0.000529879    0.200698   -0.288735
  -0.025064    0.992491    0.119723   -0.105986
  -0.199127   -0.122317     0.97231    0.630533
          0           0           0           1
27	27	28
    0.97934 -0.00103703     0.20222   -0.290799
 -0.0240631    0.992284    0.121625   -0.103106
  -0.200786   -0.123978    0.971758    0.628977
          0           0           0           1
28	28	29
    0.97994 -0.00288294     0.19927   -0.296575
 -0.0224934    0.991906    0.124965  -0.0985854
  -0.198018   -0.126941    0.971944    0.625308
          0           0           0           1
29	29	30
    0.97974 -0.00523319    0.200205   -0.301957
 -0.0211558    0.991361    0.129443    -0.09518
  -0.199153   -0.131056    0.971166     0.62232
          0           0           0           1
30	30	31
   0.979689 -0.00800552    0.200362   -0.305227
 -0.0188749    0.991085     0.13189  -0.0920907
  -0.199631   -0.132993    0.970804    0.619033
          0           0           0           1
31	31	32
  0.978607 -0.0135223   0.205293   -0.30886
-0.0147918   0.990631   0.135762 -0.0912145
 -0.205205  -0.135895   0.969239   0.615997
         0          0          0          1
32	32	33
  0.978793 -0.0192514   0.203945  -0.311939
-0.0095614   0.990196   0.139358 -0.0872576
 -0.204628  -0.138353   0.969013   0.611226
         0          0          0          1
33	33	34
  0.978853 -0.0229402   0.203275  -0.314865
-0.00763807   0.988901    0.14838 -0.0820812
 -0.204423  -0.146795   0.967813   0.605789
         0          0          0          1
34	34	35
  0.978801 -0.0242471   0.203375  -0.317094
-0.00916342   0.986789    0.16175 -0.0750253
 -0.204611  -0.160185   0.965648   0.600097
         0          0          0          1
35	35	36
  0.978755 -0.0303522   0.202772  -0.317612
-0.0060188   0.984302   0.176389 -0.0673627
 -0.204943  -0.173862   0.963208   0.594003
         0          0          0          1
36	36	37
  0.979003 -0.0340022   0.200989  -0.319525
-0.00477272   0.981896   0.189359 -0.0603114
 -0.203789  -0.186342   0.961117   0.587488
         0          0          0          1
37	37	38
  0.978965  -0.035055   0.200995  -0.319577
-0.00709955    0.97868   0.205268 -0.0522056
 -0.203906  -0.202377   0.957845   0.579792
         0          0          0          1
38	38	39
  0.979823  -0.031309     0.1974  -0.320751
-0.0132197    0.97534   0.220313 -0.0449311
  -0.19943  -0.218477   0.955246   0.571166
         0          0          0          1
39	39	40
  0.979462 -0.0324959   0.198991  -0.321087
-0.0138957   0.973701   0.227405 -0.0417211
 -0.201148    -0.2255   0.953252   0.567245
         0          0          0          1
40	40	41
  0.978316 -0.0357608   0.204008  -0.320455
-0.0145652   0.970665   0.239996 -0.0356706
 -0.206606  -0.237763   0.949096   0.558977
         0          0          0          1
41	41	42
  0.976498 -0.0393971   0.211893  -0.320031
-0.0157578   0.967469     0.2525 -0.0310878
 -0.214948  -0.249905   0.944111   0.550006
         0          0          0          1
42	42	43
   0.97662 -0.0420427    0.21082  -0.319016
-0.0136007    0.96664   0.255777 -0.0279077
 -0.214541  -0.252664   0.943469   0.544211
         0          0          0          1
43	43	44
   0.97711 -0.0426608   0.208412  -0.320462
-0.0133042   0.965514   0.260011 -0.0270849
 -0.212317  -0.256832   0.942846   0.538957
         0          0          0          1
44	44	45
  0.976287 -0.0463046   0.211472  -0.321264
 -0.011761   0.964069   0.265391  -0.023827
 -0.216163  -0.261585   0.940663   0.528719
         0          0          0          1
45	45	46
  0.975799 -0.0509822   0.212641  -0.322649
-0.00856497   0.962783   0.270138 -0.0222193
   -0.2185  -0.265422   0.939047   0.518769
         0          0          0          1
46	46	47
   0.97509 -0.0548227   0.214928   -0.32235
-0.00639634   0.961622   0.274304 -0.0223576
 -0.221718  -0.268846   0.937317   0.514038
         0          0          0          1
47	47	48
  0.974368 -0.0517698   0.218921  -0.321879
-0.00962314   0.962677   0.270482 -0.0207635
 -0.224753  -0.265655   0.937504   0.504503
         0          0          0          1
48	48	49
  0.970504 -0.0555936   0.234589  -0.321746
-0.0110777   0.961739   0.273745 -0.0213111
 -0.240831  -0.268269   0.932755   0.498971
         0          0          0          1
49	49	50
  0.967277 -0.0567239   0.247302  -0.320979
-0.0134544    0.96185   0.273245 -0.0203433
 -0.253367   -0.26763   0.929612    0.49357
         0          0          0          1
50	50	51
  0.964571 -0.0558434   0.257845   -0.31581
-0.0184663   0.960653   0.277136 -0.0213301
 -0.263176  -0.272079   0.925587   0.493277
         0          0          0          1
51	51	52
   0.96397 -0.0484234   0.261566  -0.314708
-0.0246165   0.962834    0.26897 -0.0213944
 -0.264869  -0.265718   0.926951    0.49128
         0          0          0          1
52	52	53
  0.963568 -0.0435661   0.263891  -0.319678
-0.0281915   0.964605   0.262186  -0.027784
 -0.265973  -0.260074   0.928235   0.491829
         0          0          0          1
53	53	54
  0.960614 -0.0424887   0.274619   -0.32085
-0.0307254   0.965943   0.256926 -0.0327055
 -0.276183  -0.255244   0.926592   0.492703
         0          0          0          1
54	54	55
   0.95897 -0.0366405   0.281129   -0.32411
-0.0340956   0.969511   0.242665 -0.0409215
 -0.281449  -0.242294   0.928483   0.494023
         0          0          0          1
55	55	56
  0.959025 -0.0331986    0.28137  -0.329159
-0.0331779   0.973119   0.227901 -0.0533849
 -0.281373  -0.227898   0.932144   0.497254
         0          0          0          1
56	56	57
  0.958091 -0.0308572   0.284799  -0.331932
-0.0305248   0.977524   0.208601 -0.0622908
 -0.284834  -0.208552   0.935615   0.499494
         0          0          0          1
57	57	58
  0.955799 -0.0267144   0.292806  -0.339718
-0.0331094    0.97975   0.197467 -0.0723688
 -0.292152  -0.198433    0.93556   0.503733
         0          0          0          1
58	58	59
  0.951351 -0.0250696   0.307089  -0.349708
-0.0369062   0.980236   0.194357 -0.0838515
 -0.305892  -0.196235   0.931623   0.510558
         0          0          0          1
59	59	60
  0.945336 -0.0295177    0.32476  -0.354574
-0.0334929    0.98184   0.186734 -0.0909561
 -0.324375  -0.187403   0.927179   0.516059
         0          0          0          1
60	60	61
 0.937891 -0.032079  0.345444 -0.361355
-0.0333579  0.982764   0.18183 -0.100552
-0.345322  -0.18206  0.920655  0.522088
        0         0         0         1
61	61	62
  0.934023 -0.0320916   0.355767  -0.367962
-0.0299574    0.98541   0.167537  -0.110312
 -0.355953  -0.167142   0.919435   0.526105
         0          0          0          1
62	62	63
   0.92907 -0.0314664   0.368564  -0.376368
-0.0302221   0.986587   0.160414  -0.122314
 -0.368668  -0.160175   0.915657   0.530182
         0          0          0          1
63	63	64
  0.92476 -0.033726  0.379053  -0.38416
-0.0264127  0.987975  0.152343 -0.133552
-0.379632 -0.150892  0.912749  0.533343
        0         0         0         1
64	64	65
  0.921804 -0.0417302   0.385403  -0.391196
-0.0181916   0.988437   0.150536  -0.144988
 -0.387229  -0.145775   0.910387   0.535831
         0          0          0          1
65	65	66
   0.91984 -0.0370238   0.390542  -0.390693
-0.0183922   0.990372   0.137207  -0.156941
 -0.391861  -0.133392   0.910303   0.535055
         0          0          0          1
66	66	67
 0.917258 -0.027468  0.397345 -0.396666
-0.0197066  0.993267  0.114155 -0.169858
-0.397806  -0.11254  0.910541  0.535916
        0         0         0         1
67	67	68
 0.915984 -0.024288  0.400478 -0.399301
-0.0190185  0.994415  0.103808 -0.176873
-0.400763 -0.102703  0.910407  0.535909
        0         0         0         1
68	68	69
  0.915305 -0.0201715   0.402255   -0.40196
-0.0193561   0.995388  0.0939583  -0.183579
 -0.402295 -0.0937866   0.910693   0.535603
         0          0          0          1
69	69	70
  0.914761 -0.0194706   0.403527  -0.409221
-0.0154746   0.996416  0.0831576  -0.198986
   -0.4037 -0.0823137   0.911181   0.534922
         0          0          0          1
70	70	71
  0.914225 -0.0227232    0.40457  -0.412191
-0.0100127   0.996855  0.0786159  -0.205789
 -0.405084 -0.0759235   0.911122   0.534999
         0          0          0          1
71	71	72
  0.91408 -0.020145  0.405034 -0.416524
-0.00684384  0.997857 0.0650753 -0.217965
-0.405477 -0.062256  0.911983  0.534869
        0         0         0         1
72	72	73
  0.911901 -0.0119065   0.410237  -0.419267
-0.0112017   0.998485  0.0538795   -0.22393
 -0.410257 -0.0537281   0.910386   0.535836
         0          0          0          1
73	73	74
   0.910934 -0.00329276    0.412539   -0.421612
-0.00666273     0.99972   0.0226915   -0.240381
  -0.412499  -0.0234191    0.910657    0.535385
          0           0           0           1
74	74	75
  0.911197 0.00321911   0.411957  -0.424045
-0.00735104   0.999937 0.00844588  -0.249706
 -0.411904 -0.0107242   0.911164   0.535559
         0          0          0          1
75	75	76
  0.911306 0.00502738   0.411699  -0.429131
-0.000334905   0.999934 -0.0114692  -0.266781
  -0.41173   0.010314   0.911248    0.53685
         0          0          0          1
76	76	77
  0.911288 0.00861951   0.411678   -0.43118
0.00048363   0.999758  -0.022003  -0.273923
 -0.411768  0.0202502   0.911064    0.53778
         0          0          0          1
77	77	78
  0.910514   0.013959   0.413243  -0.434819
0.00429592   0.999057 -0.0432126  -0.288608
 -0.413456  0.0411209   0.909595   0.539532
         0          0          0          1
78	78	79
     0.911  0.0153814   0.412119  -0.436216
0.00700369   0.998583 -0.0527518  -0.293916
 -0.412346  0.0509433   0.909602   0.540333
         0          0          0          1
79	79	80
   0.91168  0.0258072   0.410089  -0.438154
 0.0045427   0.997332 -0.0728618   -0.30584
 -0.410875  0.0682896    0.90913   0.541855
         0          0          0          1
80	80	81
  0.911941  0.0294408   0.409264  -0.438757
0.00473177   0.996602 -0.0822351  -0.310358
 -0.410294  0.0769301   0.908703   0.543079
         0          0          0          1
81	81	82
  0.910937  0.0324414   0.411268  -0.439115
0.00839245    0.99524 -0.0970947  -0.319927
 -0.412461  0.0918987   0.906328   0.545973
         0          0          0          1
82	82	83
 0.909438   0.03024  0.414738 -0.437353
0.0177824  0.993612 -0.111441 -0.329541
-0.415459  0.108724  0.903091  0.548203
        0         0         0         1
83	83	84
 0.908979 0.0245175  0.416119 -0.435051
0.0276184  0.992533  -0.11881 -0.338545
-0.415925  0.119488  0.901515  0.549787
        0         0         0         1
84	84	85
 0.910405 0.0253595  0.412939 -0.432634
0.0303276  0.991343 -0.127744  -0.34434
-0.412604  0.128822  0.901755  0.552097
        0         0         0         1
85	85	86
 0.910149 0.0296573  0.413218 -0.430859
0.0276002  0.990878 -0.131909 -0.347593
 -0.41336  0.131462  0.901028  0.553588
        0         0         0         1
86	86	87
 0.912796 0.0339017  0.407006 -0.427304
0.0264633  0.989545 -0.141774 -0.352974
-0.407557  0.140182  0.902356  0.557381
        0         0         0         1
87	87	88
 0.912685  0.033314  0.407303 -0.423851
0.0280829  0.989203 -0.143837 -0.355949
-0.407697  0.142716  0.901895  0.560025
        0         0         0         1
88	88	89
 0.914417 0.0333722  0.403395 -0.416675
 0.032064  0.987492 -0.154376 -0.361711
-0.403501  0.154099  0.901909  0.565187
        0         0         0         1
89	89	90
 0.914377  0.030675    0.4037 -0.407625
0.0388968  0.985857 -0.163011 -0.367247
-0.402991  0.164756  0.900252  0.571273
        0         0         0         1
90	90	91
 0.916726 0.0336853  0.398094 -0.396727
0.0390349   0.98412 -0.173162 -0.373131
-0.397605  0.174281  0.900853  0.576784
        0         0         0         1
91	91	92
 0.918381 0.0332229  0.394299 -0.385555
0.0429095  0.982231 -0.182703 -0.379097
-0.393363  0.184711  0.900637  0.583343
        0         0         0         1
92	92	93
 0.920202 0.0404334  0.389351 -0.373532
0.0374377  0.981001 -0.190356  -0.38476
 -0.38965  0.189743  0.901205  0.590835
        0         0         0         1
93	93	94
 0.922798 0.0500784  0.382016  -0.36278
0.0296293  0.979357 -0.199956 -0.391421
-0.384143  0.195838  0.902265   0.59841
        0         0         0         1
94	94	95
 0.924211 0.0545429  0.377967  -0.35223
0.0288414  0.976952 -0.211503 -0.399745
-0.380792  0.206375  0.901336   0.60563
        0         0         0         1
95	95	96
 0.925811 0.0592116  0.373321 -0.342413
0.0273372  0.974579  -0.22237 -0.409119
-0.376998  0.216078  0.900657  0.611569
        0         0         0         1
96	96	97
 0.929021 0.0630105  0.364624 -0.335174
0.0259876  0.971851 -0.234159 -0.417559
-0.369114  0.227014  0.901232  0.616046
        0         0         0         1
97	97	98
  0.93066 0.0674656  0.359613 -0.325657
0.0231343  0.970036 -0.241855 -0.426199
-0.365154  0.233404  0.901213  0.619386
        0         0         0         1
98	98	99
 0.930897 0.0688837  0.358728 -0.321582
0.0232188  0.968914 -0.246306 -0.429592
-0.364543  0.237614   0.90036  0.621489
        0         0         0         1
99	99	100
 0.930875 0.0723659  0.358099 -0.310579
0.0215581  0.967598 -0.251575 -0.437774
-0.364702  0.241905  0.899152  0.623938
        0         0         0         1
100	100	101
 0.932161 0.0718573  0.354842 -0.300195
 0.020797   0.96786  -0.25063  -0.43284
-0.361447  0.241007  0.900706  0.625631
        0         0         0         1
101	101	102
 0.931928  0.075514  0.354694 -0.292201
 0.019334  0.966342 -0.256532 -0.438037
-0.362127  0.245927  0.899102  0.627024
        0         0         0         1
102	102	103
 0.931852  0.077714  0.354419 -0.283942
0.0182968  0.965486  -0.25981 -0.442335
-0.362377  0.248589  0.898268  0.627465
        0         0         0         1
103	103	104
 0.932375 0.0783057  0.352908 -0.277216
0.0189689  0.964313 -0.264084 -0.444413
-0.360993   0.25292  0.897617  0.627457
        0         0         0         1
104	104	105
 0.931582 0.0796124  0.354707 -0.266447
0.0185573  0.964039 -0.265113 -0.446477
-0.363057  0.253556  0.896604  0.625563
        0         0         0         1
105	105	106
 0.931245 0.0758848  0.356404 -0.257545
0.0225459  0.964203 -0.264206 -0.446329
-0.363695  0.254076  0.896198   0.62385
        0         0         0         1
106	106	107
 0.930098 0.0752373  0.359525 -0.252665
 0.023537  0.964578 -0.262747 -0.446145
-0.366558  0.252842  0.895381  0.622861
        0         0         0         1
107	107	108
 0.930151 0.0780659  0.358784  -0.24497
0.0197382  0.965093 -0.261161 -0.443763
-0.366647  0.250001  0.896141  0.620959
        0         0         0         1
108	108	109
  0.92989 0.0785078  0.359362 -0.240737
 0.018815  0.965528 -0.259619 -0.442966
-0.367357  0.248179  0.896357  0.619775
        0         0         0         1
109	109	110
 0.930837 0.0763658  0.357367 -0.223956
0.0183109  0.966946 -0.254322 -0.441154
-0.364976  0.243276  0.898671  0.615379
        0         0         0         1
110	110	111
 0.930569 0.0751522   0.35832 -0.219969
0.0192524  0.967307 -0.252877 -0.440228
 -0.36561  0.242218  0.898699  0.614703
        0         0         0         1
111	111	112
 0.930822 0.0688035  0.358939 -0.212207
0.0240508  0.968459  -0.24801  -0.43807
-0.364682  0.239486  0.899808  0.612933
        0         0         0         1
112	112	113
 0.933796 0.0655259  0.351753 -0.203705
0.0242186  0.969259  -0.24485 -0.434051
-0.356984  0.237159  0.903503  0.609443
        0         0         0         1
113	113	114
 0.935887 0.0637014  0.346493 -0.203053
0.0250021  0.969028 -0.245683 -0.431927
-0.351412  0.238595  0.905308  0.608398
        0         0         0         1
114	114	115
 0.940759  0.072417  0.331252 -0.200991
0.0125839  0.968798 -0.247533 -0.428562
-0.338842  0.237037  0.910494   0.60489
        0         0         0         1
115	115	116
 0.945001 0.0736446  0.318667 -0.201649
0.00857004   0.96841 -0.249215 -0.423985
-0.326954   0.23824  0.914518  0.602433
        0         0         0         1
116	116	117
 0.946637 0.0716565  0.314234 -0.200065
0.00828078  0.969243 -0.245968 -0.420153
-0.322194  0.235444  0.916928  0.599684
        0         0         0         1
117	117	118
 0.947116 0.0689788  0.313391 -0.200211
0.0096134  0.970085 -0.242573 -0.417473
-0.320749  0.232758   0.91812  0.598299
        0         0         0         1
118	118	119
  0.94884 0.0664877  0.308678  -0.20115
0.00971127  0.970972 -0.238994 -0.412555
-0.315608  0.229765  0.920652  0.593309
        0         0         0         1
119	119	120
 0.949369 0.0664137  0.307063 -0.201275
0.00848254  0.971625 -0.236376   -0.4094
-0.314049  0.227012  0.921867  0.589682
        0         0         0         1
120	120	121
 0.951111 0.0626266  0.302434 -0.202733
0.00843298  0.973595 -0.228128 -0.402429
-0.308735  0.219525  0.925468  0.581539
        0         0         0         1
121	121	122
 0.950328 0.0649137  0.304406 -0.202831
0.00383269  0.975495 -0.219987 -0.396288
-0.311227  0.210226  0.926792  0.572342
        0         0         0         1
122	122	123
 0.950413 0.0600957  0.305128 -0.203442
0.00504306  0.978044 -0.208336  -0.38872
-0.310949  0.199544  0.929243  0.562793
        0         0         0         1
123	123	124
 0.948547 0.0605622  0.310791 -0.203181
-0.000108516    0.9816 -0.190948 -0.380007
-0.316637  0.181089    0.9311  0.553701
        0         0         0         1
124	124	125
  0.94876 0.0568129   0.31085  -0.20477
-0.00197975  0.984755 -0.173937  -0.36951
-0.315993  0.164409  0.934408  0.544177
        0         0         0         1
125	125	126
 0.948105 0.0565753  0.312883 -0.205525
-0.00803986  0.987994 -0.154286  -0.35639
-0.317855  0.143764  0.937177  0.534492
        0         0         0         1
126	126	127
 0.947471 0.0562036  0.314865 -0.205563
-0.0134759   0.99058 -0.136268 -0.343589
-0.319558  0.124867  0.939303  0.525751
        0         0         0         1
127	127	128
 0.946967 0.0538738  0.316783   -0.2052
-0.0168122  0.992802 -0.118584 -0.330922
-0.320891   0.10697  0.941056  0.517677
        0         0         0         1
128	128	129
 0.946883 0.0525004  0.317263 -0.205389
-0.0200481  0.994302 -0.104702 -0.320955
-0.320952 0.0927797   0.94254  0.508909
        0         0         0         1
129	129	130
  0.946931  0.0464811   0.318058  -0.204409
-0.0176353   0.995512 -0.0929804  -0.310276
 -0.320952   0.082437   0.943501   0.499629
         0          0          0          1
130	130	131
  0.947289  0.0460406   0.317054  -0.203323
-0.0230134   0.996842 -0.0759962  -0.298521
 -0.319552  0.0646939   0.945358   0.490104
         0          0          0          1
131	131	132
  0.946956  0.0494086   0.317544   -0.20165
  -0.03044   0.997458 -0.0644248  -0.286385
  -0.31992  0.0513414   0.946053   0.481366
         0          0          0          1
132	132	133
  0.948389  0.0400975   0.314563  -0.199126
-0.0253001   0.998379 -0.0509855  -0.271863
 -0.316098  0.0403956   0.947866   0.474159
         0          0          0          1
133	133	134
  0.949606  0.0327803   0.311727  -0.195989
-0.0228319   0.999108 -0.0355113   -0.25745
 -0.312613  0.0266044   0.949508   0.468496
         0          0          0          1
134	134	135
  0.951578  0.0270239   0.306216  -0.190224
-0.0215252   0.999541 -0.0213203  -0.241268
 -0.306652  0.0136965   0.951723   0.464072
         0          0          0          1
135	135	136
  0.954114  0.0343866   0.297463  -0.184632
-0.0323904   0.999408 -0.0116385  -0.225086
 -0.297687 0.00146946   0.954662   0.460363
         0          0          0          1
136	136	137
    0.956814    0.0276874      0.28938    -0.176454
   -0.028891     0.999583 -0.000112432    -0.207623
   -0.289263  -0.00825292     0.957214     0.458416
           0            0            0            1
137	137	138
   0.95972  0.0210413   0.280169    -0.1678
-0.0269031   0.999492  0.0170928   -0.19181
 -0.279667 -0.0239417   0.959798   0.457767
         0          0          0          1
138	138	139
  0.964094  0.0151201    0.26513  -0.155254
-0.0214277   0.999552  0.0209144  -0.180403
 -0.264694 -0.0258446   0.963986   0.455062
         0          0          0          1
139	139	140
    0.9677  0.0075611   0.251992   -0.14367
-0.0180092    0.99907  0.0391815  -0.167125
 -0.251461 -0.0424541   0.966936   0.452971
         0          0          0          1
140	140	141
  0.970832 0.00221468   0.239752  -0.131231
-0.0170005   0.998076  0.0596208  -0.154006
 -0.239159 -0.0619577   0.969002   0.450228
         0          0          0          1
141	141	142
   0.972229 0.000598069    0.234031   -0.123153
 -0.0166843    0.997629   0.0667619   -0.147942
  -0.233436  -0.0688125    0.969934     0.44853
          0           0           0           1
142	142	143
  0.974027 0.00685245   0.226328  -0.109366
-0.0256462   0.996449  0.0802021  -0.135289
 -0.224975 -0.0839234   0.970744   0.445969
         0          0          0          1
143	143	144
  0.974009 0.00364623   0.226478  -0.100646
-0.0234251   0.996131  0.0847067  -0.131162
 -0.225293 -0.0878104   0.970326   0.444513
         0          0          0          1
144	144	145
   0.975226 0.000545153    0.221212   -0.084506
 -0.0219122    0.995317   0.0941482    -0.12337
  -0.220125   -0.096663    0.970671    0.440191
          0           0           0           1
145	145	146
    0.97613 0.000699002    0.217185  -0.0693574
 -0.0236614    0.994385    0.103145   -0.116123
  -0.215893   -0.105822    0.970666    0.435077
          0           0           0           1
146	146	147
    0.976564 -0.000636294     0.215225   -0.0619996
  -0.0232052     0.993855      0.10823    -0.112457
   -0.213971    -0.110688     0.970549     0.432103
           0            0            0            1
147	147	148
   0.976827 -0.00268379    0.214013  -0.0484384
 -0.0231052    0.992756    0.117909   -0.104561
  -0.212779   -0.120122    0.969689    0.426225
          0           0           0           1
148	148	149
   0.976416 -0.00321146    0.215874   -0.041487
 -0.0240252    0.992063    0.123426  -0.0995389
  -0.214557   -0.125702    0.968589    0.423359
          0           0           0           1
149	149	150
   0.976204 -0.00716744    0.216735  -0.0283173
 -0.0223472    0.990807    0.133421  -0.0913529
  -0.215699    -0.13509     0.96707    0.416765
          0           0           0           1
150	150	151
   0.975837 -0.00597733    0.218417  -0.0206742
 -0.0261688    0.989233    0.143988  -0.0858362
  -0.216926   -0.146225    0.965174    0.414436
          0           0           0           1
151	151	152
   0.974839 -0.00394716    0.222874 -0.00529602
 -0.0312191    0.987571    0.154041  -0.0780367
  -0.220712   -0.157123      0.9626    0.407348
          0           0           0           1
152	152	153
    0.973593  -0.00617956     0.228206 -0.000517469
  -0.0311094     0.986717     0.159441    -0.075762
    -0.22616     -0.16233     0.960469     0.404829
           0            0            0            1
153	153	154
  0.971865 -0.0142578   0.235106  0.0106956
-0.0263841   0.985294   0.168817 -0.0681264
 -0.234055  -0.170271   0.957197   0.399538
         0          0          0          1
154	154	155
  0.970104 -0.0171527   0.242084  0.0181146
-0.0270016   0.983678   0.177901  -0.061728
 -0.241184   -0.17912   0.953806   0.395538
         0          0          0          1
155	155	156
  0.968257 -0.0238029   0.248822   0.025268
-0.0242561    0.98181   0.188312 -0.0529779
 -0.248779  -0.188369   0.950066   0.392688
         0          0          0          1
156	156	157
  0.966733 -0.0308465    0.25392  0.0316642
-0.0209893   0.979788   0.198937 -0.0447094
 -0.254924  -0.197648   0.946546   0.391329
         0          0          0          1
157	157	158
  0.966414 -0.0345277   0.254658  0.0342675
-0.0189646    0.97865   0.204659 -0.0403396
 -0.256288  -0.202615   0.945126   0.391173
         0          0          0          1
158	158	159
  0.964364 -0.0392488   0.261651  0.0389502
-0.0178609   0.977022   0.212388 -0.0327639
 -0.263974  -0.209492   0.941504   0.392377
         0          0          0          1
159	159	160
  0.962043  -0.055712    0.26715  0.0452712
-0.00540547   0.974857   0.222764 -0.0262012
 -0.272844  -0.215753   0.937554   0.394389
         0          0          0          1
160	160	161
  0.961801 -0.0597208   0.267155  0.0487964
-0.00228237    0.97413   0.225977 -0.0224802
 -0.273739  -0.217955   0.936783   0.395278
         0          0          0          1
161	161	162
  0.961748 -0.0661014   0.265842  0.0542171
0.00218889   0.972274   0.233836 -0.0156347
 -0.273928  -0.224309   0.935227    0.39883
         0          0          0          1
162	162	163
   0.960817  -0.0709329    0.267955   0.0613931
 0.00383189    0.970009     0.24304 -0.00858545
  -0.277158    -0.23249    0.932272     0.40403
          0           0           0           1
163	163	164
  0.959765 -0.0787773   0.269526  0.0697059
0.00822489   0.967316    0.25344  -0.001445
 -0.280682  -0.241026   0.929045   0.410554
         0          0          0          1
164	164	165
   0.95738 -0.0857366   0.275814  0.0804999
0.00991455    0.96412   0.265282 0.00564403
 -0.288662  -0.251241   0.923879   0.416628
         0          0          0          1
165	165	166
  0.959109 -0.0885769   0.268821  0.0878935
 0.0113111   0.961006   0.276297  0.0118159
 -0.282812  -0.261958   0.922711   0.422176
         0          0          0          1
166	166	167
  0.958721 -0.0910545   0.269377  0.0983341
 0.0113886   0.958879   0.283587  0.0163356
 -0.284122  -0.268813   0.920334   0.427569
         0          0          0          1
167	167	168
  0.959123 -0.0926472   0.267394   0.108456
 0.0119974   0.957353   0.288672  0.0178213
 -0.282735  -0.273664   0.919331   0.434061
         0          0          0          1
168	168	169
  0.959294 -0.0924384   0.266853   0.122275
 0.0113914    0.95681    0.29049  0.0180298
 -0.282181  -0.275626   0.918915   0.440514
         0          0          0          1
169	169	170
  0.960257 -0.0903419   0.264092    0.13667
 0.0101807   0.956877   0.290315  0.0176999
 -0.278932  -0.276088   0.919768   0.446721
         0          0          0          1
170	170	171
  0.960297 -0.0883298   0.264627     0.1524
0.00698519   0.955869   0.293711  0.0171081
 -0.278892  -0.280201   0.918535   0.453427
         0          0          0          1
171	171	172
  0.959938 -0.0906982   0.265129   0.168357
0.00737628   0.954019   0.299654  0.0173199
 -0.280116  -0.285694   0.916468   0.459542
         0          0          0          1
172	172	173
   0.95957 -0.0974127   0.264076   0.182736
 0.0113736   0.950856   0.309424  0.0199356
 -0.281241  -0.293911   0.913521   0.463382
         0          0          0          1
173	173	174
 0.960197 -0.100204  0.260732  0.194503
 0.012782  0.948223  0.317347 0.0218327
-0.279032 -0.301383  0.911762  0.466024
        0         0         0         1
174	174	175
   0.95986 -0.0981952   0.262728   0.206679
0.00902281   0.947038   0.320994  0.0218458
 -0.280333  -0.305738   0.909911   0.468009
         0          0          0          1
175	175	176
  0.959834 -0.0989426   0.262543   0.212621
0.00995373   0.947174   0.320564  0.0214975
 -0.280392  -0.305075   0.910115   0.468555
         0          0          0          1
176	176	177
  0.960107 -0.0935781   0.263509   0.222202
0.00521805   0.948175   0.317707  0.0210671
 -0.279583  -0.303658   0.910838   0.468603
         0          0          0          1
177	177	178
  0.958328 -0.0952388   0.269328   0.232474
0.00487917    0.94811   0.317906  0.0170268
  -0.28563  -0.303344   0.909064   0.467999
         0          0          0          1
178	178	179
 0.954214 -0.105095  0.280055  0.242747
0.0137206   0.95064  0.309992 0.0109803
 -0.29881 -0.291956  0.908556  0.466955
        0         0         0         1
179	179	180
  0.950298  -0.111049   0.290863   0.253341
 0.0183165    0.95255   0.303832 0.00397581
 -0.310802  -0.283403    0.90724   0.465023
         0          0          0          1
180	180	181
   0.946965   -0.110589    0.301707    0.264248
  0.0177176    0.955454    0.294606 -0.00494859
  -0.320848   -0.273636    0.906741    0.464042
          0           0           0           1
181	181	182
   0.945387   -0.108613    0.307321    0.269981
    0.01614    0.957291    0.288674 -0.00973614
  -0.325549   -0.267949    0.906764    0.463903
          0           0           0           1
182	182	183
  0.943893  -0.101365   0.314311   0.281955
 0.0134837   0.962766       0.27 -0.0214828
 -0.329976  -0.250613   0.910115   0.464096
         0          0          0          1
183	183	184
  0.943416 -0.0996565   0.316284   0.287289
 0.0142166   0.965053   0.261669 -0.0291346
 -0.331308  -0.242366   0.911863   0.465045
         0          0          0          1
184	184	185
  0.941411 -0.0941417   0.323855   0.298798
 0.0139634   0.970308   0.241469 -0.0448433
 -0.336972    -0.2228   0.914773   0.467449
         0          0          0          1
185	185	186
  0.940622 -0.0933521   0.326366   0.305344
 0.0162368   0.972715   0.231434 -0.0541577
 -0.339066  -0.212393   0.916473   0.468932
         0          0          0          1
186	186	187
  0.939758  -0.094167   0.328616   0.318802
 0.0243163   0.977289    0.21051 -0.0731004
 -0.340976  -0.189838   0.920705   0.472014
         0          0          0          1
187	187	188
  0.939297 -0.0966848   0.329202   0.331865
 0.0363705   0.982127   0.184671 -0.0933078
 -0.341173  -0.161488   0.926025   0.476747
         0          0          0          1
188	188	189
  0.93596 -0.099979  0.337613  0.345571
0.0463921  0.985497  0.163228 -0.114618
-0.349036 -0.137112  0.927024  0.482198
        0         0         0         1
189	189	190
  0.937795 -0.0954088   0.333822   0.359466
 0.0508386   0.988873   0.139808  -0.132803
 -0.343446   -0.11414   0.932211   0.485123
         0          0          0          1
190	190	191
  0.938492 -0.0897748   0.333426   0.366429
  0.047579   0.990021   0.132642  -0.141303
 -0.342007   -0.10862   0.933399   0.486632
         0          0          0          1
191	191	192
  0.942271 -0.0805622   0.325015   0.378997
 0.0456638   0.992474    0.11362  -0.156486
 -0.331722 -0.0922196   0.938859   0.488577
         0          0          0          1
192	192	193
  0.947476  -0.069487   0.312187   0.396756
 0.0421612   0.994731  0.0934508  -0.171831
 -0.317036 -0.0753802   0.945413   0.488538
         0          0          0          1
193	193	194
  0.952857 -0.0579118   0.297843   0.409218
 0.0374281   0.996554  0.0740277   -0.18958
 -0.301103 -0.0593901    0.95174   0.489206
         0          0          0          1
194	194	195
  0.956564 -0.0487259   0.287423   0.422187
 0.0354939   0.998064  0.0510726  -0.207089
 -0.289355 -0.0386524   0.956441   0.490517
         0          0          0          1
195	195	196
  0.960477 -0.0356193   0.276072   0.434173
 0.0290661   0.999191  0.0277939  -0.224369
 -0.276839 -0.0186711   0.960735   0.491846
         0          0          0          1
196	196	197
    0.964966     -0.02379     0.261293     0.444865
   0.0228686     0.999717   0.00656683    -0.240941
   -0.261375 -0.000361366     0.965237     0.492617
           0            0            0            1
197	197	198
  0.968979 -0.0148827   0.246694   0.455179
 0.0179399   0.999788 -0.0101493  -0.254488
 -0.246491  0.0142601    0.96904   0.493216
         0          0          0          1
198	198	199
   0.972639 -0.00521178    0.232262    0.465798
   0.011215    0.999636  -0.0245336   -0.264822
  -0.232049   0.0264672    0.972344    0.494058
          0           0           0           1
199	199	200
  0.974493 0.00626745    0.22433   0.474934
0.00213385   0.999306 -0.0371887  -0.274986
 -0.224407  0.0367188   0.973803   0.494338
         0          0          0          1
200	200	201
  0.975868 0.00725056   0.218241   0.480554
0.00264843   0.998982 -0.0450314    -0.2821
 -0.218345  0.0445227   0.974855   0.496619
         0          0          0          1
201	201	202
  0.975885 0.00776175   0.218149   0.484481
0.00295725   0.998806 -0.0487668  -0.286272
 -0.218267  0.0482359   0.974696    0.49571
         0          0          0          1
202	202	203
  0.976505  0.0160578   0.214895   0.490648
-0.00426405   0.998464 -0.0552327  -0.292771
 -0.215452  0.0530187   0.975074   0.492737
         0          0          0          1
203	203	204
  0.975492  0.0132312   0.219637   0.496184
-0.00014826    0.99823 -0.0594761  -0.300294
 -0.220036  0.0579859   0.973767   0.488809
         0          0          0          1
204	204	205
  0.975052  0.0209433   0.220988   0.498547
-0.00502514   0.997367 -0.0723496  -0.307501
 -0.221921  0.0694341   0.972589   0.483482
         0          0          0          1
205	205	206
  0.972729  0.0200209   0.231077   0.500604
-0.000670289   0.996506 -0.0835175  -0.316205
 -0.231942   0.081085   0.969344   0.478327
         0          0          0          1
206	206	207
  0.970416  0.0225989   0.240379   0.501383
0.000598153   0.995382 -0.0959945  -0.325517
 -0.241438  0.0932984   0.965921   0.472857
         0          0          0          1
207	207	208
 0.968231 0.0265672  0.248642   0.49919
0.00139074  0.993753 -0.111597 -0.335817
-0.250054  0.108398  0.962145  0.466459
        0         0         0         1
208	208	209
 0.966125 0.0200765  0.257291   0.49735
0.0113883  0.992682 -0.120222 -0.346906
-0.257822   0.11908  0.958826  0.459519
        0         0         0         1
209	209	210
 0.964641 0.0115959  0.263311   0.49414
 0.022342  0.991838 -0.125529 -0.356229
-0.262618  0.126974  0.956509  0.453397
        0         0         0         1
210	210	211
  0.96336 0.0166955  0.267693  0.490497
0.0206984  0.990457 -0.136261 -0.364295
-0.267413   0.13681   0.95382  0.447411
        0         0         0         1
211	211	212
 0.961605 0.0189618   0.27378  0.487156
0.0226706  0.988712 -0.148104 -0.372295
-0.273498  0.148624  0.950321   0.44081
        0         0         0         1
212	212	213
 0.960793 0.0180473   0.27668  0.486004
0.0262249  0.987491  -0.15548 -0.376424
-0.276025   0.15664  0.948301  0.437076
        0         0         0         1
213	213	214
  0.95943 0.0161569  0.281485  0.482563
0.0320672  0.985625 -0.165874 -0.384157
-0.280118  0.168171   0.94512  0.429434
        0         0         0         1
214	214	215
 0.961545 0.0113066  0.274416  0.479258
0.0379803  0.984079 -0.173628 -0.390336
 -0.27201  0.177374  0.945806  0.421503
        0         0         0         1
215	215	216
 0.960651  0.016261  0.277281  0.479329
0.0358856  0.982652 -0.181955 -0.396159
-0.275429  0.184745  0.943402  0.415799
        0         0         0         1
216	216	217
 0.958674 0.0233084   0.28355  0.481246
0.0334624  0.980483 -0.193733 -0.402013
-0.282532  0.195215  0.939184  0.410965
        0         0         0         1
217	217	218
 0.957166 0.0237091  0.288566  0.484234
0.0375751  0.978042 -0.204993 -0.407995
 -0.28709  0.207055  0.935258  0.405884
